5.	0.	0.005204322097193288
5.	-0.03749999999999998	0.005204383282795642
5.	0.03749999999999998	0.005204268078056425
5.	-0.07499999999999996	0.005204452982489489
5.	0.07499999999999996	0.005204220136064
5.	-0.11249999999999999	0.005204532879849228
5.	0.11250000000000004	0.0052041773827491535
5.	-0.15000000000000002	0.00520462510076969
5.	0.15000000000000002	0.005204139087449503
5.	-0.1875	0.005204732361378145
5.	0.1875	0.005204104644677627
5.	-0.22499999999999998	0.005204858177084179
5.	0.22499999999999998	0.0052040735491189595
5.	-0.2625	0.005205007163359357
5.	0.26249999999999996	0.005204045376285163
5.	-0.3	0.0052051854771085196
5.	0.29999999999999993	0.005204019767403358
5.	-0.33749999999999997	0.005205401478636592
5.	0.3375	0.005203996417513297
5.	-0.375	0.0052056667488758965
5.	0.375	0.0052039750660126775
5.	-0.4125	0.005205997695643454
5.	0.4125	0.0052039554890944036
5.	-0.44999999999999996	0.00520641816896794
5.	0.45000000000000007	0.0052039374936494395
5.	-0.4875	0.0052069638702301356
5.	0.48749999999999993	0.005203920912323785
5.	-0.525	0.005207690087722079
5.	0.525	0.005203905599480956
5.	-0.5625	0.0052086859085536015
5.	0.5624999999999999	0.005203891427888521
5.	-0.6	0.005210101777046234
5.	0.6	0.005203878285981167
7.5	0.	0.005224232917884402
7.5	-0.03749999999999998	0.005224395374842649
7.5	0.03749999999999998	0.005224090999209491
7.5	-0.07499999999999996	0.0052245825846130994
7.5	0.07499999999999996	0.005223966266227821
7.5	-0.11249999999999999	0.0052247999028432225
7.5	0.11250000000000004	0.005223856025385117
7.5	-0.15000000000000002	0.0052250542160410555
7.5	0.15000000000000002	0.005223758092708538
7.5	-0.1875	0.005225354494340779
7.5	0.1875	0.005223670682355245
7.5	-0.22499999999999998	0.005225712589143447
7.5	0.22499999999999998	0.005223592322541738
7.5	-0.2625	0.00522614440615645
7.5	0.26249999999999996	0.005223521791449929
7.5	-0.3	0.005226671666968656
7.5	0.29999999999999993	0.005223458067876101
7.5	-0.33749999999999997	0.005227324616473597
7.5	0.3375	0.0052234002928786254
7.5	-0.375	0.0052281462929035655
7.5	0.375	0.0052233477397152835
7.5	-0.4125	0.005229199460413464
7.5	0.4125	0.005223299790084179
7.5	-0.44999999999999996	0.0052305782393229526
7.5	0.45000000000000007	0.005223255915206628
7.5	-0.4875	0.00523242835999362
7.5	0.48749999999999993	0.005223215660653951
7.5	-0.525	0.005234983985742343
7.5	0.525	0.005223178634096902
7.5	-0.5625	0.005238638104188129
7.5	0.5624999999999999	0.005223144495350284
7.5	-0.6	0.00524408531700971
7.5	0.6	0.005223112948235518
10.	0.	0.00525299217002312
10.	-0.03749999999999998	0.005253358844246978
10.	0.03749999999999998	0.005252675072934726
10.	-0.07499999999999996	0.005253786002965661
10.	0.07499999999999996	0.005252398985401641
10.	-0.11249999999999999	0.005254287692574573
10.	0.11250000000000004	0.005252157106315835
10.	-0.15000000000000002	0.005254882229818412
10.	0.15000000000000002	0.005251943984022617
10.	-0.1875	0.005255593829861466
10.	0.1875	0.005251755209045635
10.	-0.22499999999999998	0.005256454992152702
10.	0.22499999999999998	0.005251587184953515
10.	-0.2625	0.005257510067335229
10.	0.26249999999999996	0.005251436955590871
10.	-0.3	0.005258820708956547
10.	0.29999999999999993	0.005251302073454457
10.	-0.33749999999999997	0.005260474413267919
10.	0.3375	0.005251180498444889
10.	-0.375	0.0052625982696640995
10.	0.375	0.005251070519277671
10.	-0.4125	0.005265381799444051
10.	0.4125	0.005250970691965775
10.	-0.44999999999999996	0.0052691162543483435
10.	0.45000000000000007	0.0052508797912787855
10.	-0.4875	0.005274265040411495
10.	0.48749999999999993	0.005250796772156827
10.	-0.525	0.005281596022074593
10.	0.525	0.0052507207388191235
10.	-0.5625	0.005292444309635137
10.	0.5624999999999999	0.005250650919868887
10.	-0.6	0.0053092702280242935
10.	0.6	0.005250586648104096
12.5	0.	0.005291204903757569
12.5	-0.03749999999999998	0.005291948474503213
12.5	0.03749999999999998	0.005290567568723801
12.5	-0.07499999999999996	0.005292822971284266
12.5	0.07499999999999996	0.005290017273533513
12.5	-0.11249999999999999	0.005293860536768521
12.5	0.11250000000000004	0.005289538927878051
12.5	-0.15000000000000002	0.005295103570286718
12.5	0.15000000000000002	0.005289120547229177
12.5	-0.1875	0.005296608815176052
12.5	0.1875	0.005288752523402787
12.5	-0.22499999999999998	0.005298453431468641
12.5	0.22499999999999998	0.005288427085692557
12.5	-0.2625	0.00530074421141375
12.5	0.26249999999999996	0.005288137898168273
12.5	-0.3	0.005303631897448191
12.5	0.29999999999999993	0.005287879755480868
12.5	-0.33749999999999997	0.00530733402107827
12.5	0.3375	0.0052876483507679935
12.5	-0.375	0.005312172430062741
12.5	0.375	0.0052874400969089895
12.5	-0.4125	0.005318637062324062
12.5	0.4125	0.0052872519876530945
12.5	-0.44999999999999996	0.005327498590208878
12.5	0.45000000000000007	0.005287081488837119
12.5	-0.4875	0.005340016491296478
12.5	0.48749999999999993	0.005286926452511629
12.5	-0.525	0.005358344116168335
12.5	0.525	0.005286785048655785
12.5	-0.5625	0.005386368198725512
12.5	0.5624999999999999	0.005286655710504156
12.5	-0.6	0.005431585963467027
12.5	0.6	0.005286537090486526
15.	0.	0.005339816228806826
15.	-0.03749999999999998	0.005341210937114302
15.	0.03749999999999998	0.005338630062456285
15.	-0.07499999999999996	0.00534286491732441
15.	0.07499999999999996	0.005337613352689171
15.	-0.11249999999999999	0.005344844853467539
15.	0.11250000000000004	0.005336735633835309
15.	-0.15000000000000002	0.005347239627637508
15.	0.15000000000000002	0.005335972903811625
15.	-0.1875	0.005350169535608049
15.	0.1875	0.005335306065361508
15.	-0.22499999999999998	0.005353800168763196
15.	0.22499999999999998	0.005334719784364985
15.	-0.2625	0.005358363804106395
15.	0.26249999999999996	0.005334201643483697
15.	-0.3	0.005364193207243151
15.	0.29999999999999993	0.0053337415076849725
15.	-0.33749999999999997	0.005371776592529829
15.	0.3375	0.0053333310436251505
15.	-0.375	0.005381849908614703
15.	0.375	0.005332963352031431
15.	-0.4125	0.005395557612163102
15.	0.4125	0.005332632683947775
15.	-0.44999999999999996	0.005414744925396811
15.	0.45000000000000007	0.005332334219843722
15.	-0.4875	0.005442516162732773
15.	0.48749999999999993	0.005332063896276822
15.	-0.525	0.005484365945753469
15.	0.525	0.005331818268846152
15.	-0.5625	0.005550639027647223
15.	0.5624999999999999	0.005331594403067039
15.	-0.6	0.005662363239141365
15.	0.6	0.005331389786894433
17.5	0.	0.0054001046444391515
17.5	-0.03749999999999998	0.005402568915272405
17.5	0.03749999999999998	0.005398023495199788
17.5	-0.07499999999999996	0.005405513378323753
17.5	0.07499999999999996	0.005396251322188662
17.5	-0.11249999999999999	0.005409066832196867
17.5	0.11250000000000004	0.005394730793478623
17.5	-0.15000000000000002	0.0054134027106695504
17.5	0.15000000000000002	0.005393417077325985
17.5	-0.1875	0.005418758385052115
17.5	0.1875	0.0053922747524310175
17.5	-0.22499999999999998	0.005425464668053113
17.5	0.22499999999999998	0.005391275564073784
17.5	-0.2625	0.005433992022682979
17.5	0.26249999999999996	0.0053903967737986384
17.5	-0.3	0.005445024939521236
17.5	0.29999999999999993	0.005389619931343302
17.5	-0.33749999999999997	0.005459585408064291
17.5	0.3375	0.005388929950787706
17.5	-0.375	0.0054792452272541675
17.5	0.375	0.005388314408491527
17.5	-0.4125	0.005506506146355509
17.5	0.4125	0.005387763004509327
17.5	-0.44999999999999996	0.0055455132567710005
17.5	0.45000000000000007	0.00538726714575261
17.5	-0.4875	0.005603469847327901
17.5	0.48749999999999993	0.005386819620686853
17.5	-0.525	0.005693634651684789
17.5	0.525	0.005386414343482967
17.5	-0.5625	0.005842200320960959
17.5	0.5624999999999999	0.005386046151310205
17.5	-0.6	0.006105732834689517
17.5	0.6	0.005385710642618965
20.	0.	0.005473746367044745
20.	-0.03749999999999998	0.005477901259874002
20.	0.03749999999999998	0.005470260481857169
20.	-0.07499999999999996	0.005482901334671117
20.	0.07499999999999996	0.005467310207413354
20.	-0.11249999999999999	0.005488982596155156
20.	0.11250000000000004	0.005464793220018253
20.	-0.15000000000000002	0.0054964662042796255
20.	0.15000000000000002	0.005462630095531913
20.	-0.1875	0.00550579688601837
20.	0.1875	0.0054607585102602165
20.	-0.22499999999999998	0.0055176025817541795
20.	0.22499999999999998	0.005459129066458383
20.	-0.2625	0.0055327895323909896
20.	0.26249999999999996	0.005457702246962211
20.	-0.3	0.005552698422873766
20.	0.29999999999999993	0.005456446166011231
20.	-0.33749999999999997	0.0055793695559416615
20.	0.3375	0.005455334889054757
20.	-0.375	0.005616010863082985
20.	0.375	0.005454347164235788
20.	-0.4125	0.005667861490347139
20.	0.4125	0.005453465455188017
20.	-0.44999999999999996	0.005743870373307811
20.	0.45000000000000007	0.005452675196748594
20.	-0.4875	0.005860166293231175
20.	0.48749999999999993	0.005451964217248192
20.	-0.525	0.0060477850353626945
20.	0.525	0.005451322286454908
20.	-0.5625	0.006371538691027695
20.	0.5624999999999999	0.005450740759139053
20.	-0.6	0.00698198327394931
20.	0.6	0.005450212292013538
22.5	0.	0.005562916075352723
22.5	-0.03749999999999998	0.00556966675553297
22.5	0.03749999999999998	0.005557288765014734
22.5	-0.07499999999999996	0.005577848154683067
22.5	0.07499999999999996	0.005552554219997298
22.5	-0.11249999999999999	0.005587876175689926
22.5	0.11250000000000004	0.005548537017080197
22.5	-0.15000000000000002	0.005600323166823764
22.5	0.15000000000000002	0.005545102023773834
22.5	-0.1875	0.005615991680466052
22.5	0.1875	0.005542143941104409
22.5	-0.22499999999999998	0.005636030981999321
22.5	0.22499999999999998	0.005539579846014523
22.5	-0.2625	0.005662126394021555
22.5	0.26249999999999996	0.0055373437973841935
22.5	-0.3	0.005696817065718901
22.5	0.29999999999999993	0.005535382883630719
22.5	-0.33749999999999997	0.0057440491901130895
22.5	0.3375	0.005533654291647455
22.5	-0.375	0.0058101806170889475
22.5	0.375	0.00553212310884438
22.5	-0.4125	0.005905896906026782
22.5	0.4125	0.005530760657800691
22.5	-0.44999999999999996	0.006050083386779023
22.5	0.45000000000000007	0.005529543222251442
22.5	-0.4875	0.00627821403973484
22.5	0.48749999999999993	0.005528451063631849
22.5	-0.525	0.006662167813784805
22.5	0.525	0.005527467655490518
22.5	-0.5625	0.007362685300167286
22.5	0.5624999999999999	0.00552657908276575
22.5	-0.6	0.008793395915440991
22.5	0.6	0.0055257735669062905
25.	0.	0.005670428613929499
25.	-0.03749999999999998	0.005681079393577227
25.	0.03749999999999998	0.005661608002187636
25.	-0.07499999999999996	0.005694080943709894
25.	0.07499999999999996	0.0056542307345706306
25.	-0.11249999999999999	0.005710145403284551
25.	0.11250000000000004	0.005648005131162956
25.	-0.15000000000000002	0.0057302647041490035
25.	0.15000000000000002	0.0056427082964263554
25.	-0.1875	0.005755848759720261
25.	0.1875	0.0056381678094095085
25.	-0.22499999999999998	0.005788947825163305
25.	0.22499999999999998	0.0056342487958253125
25.	-0.2625	0.005832621484926127
25.	0.26249999999999996	0.005630844662518241
25.	-0.3	0.0058915727475072534
25.	0.29999999999999993	0.005627870364924983
25.	-0.33749999999999997	0.00597328228132016
25.	0.3375	0.00562525745271256
25.	-0.375	0.006090133740641029
25.	0.375	0.0056229503809968415
25.	-0.4125	0.006263619889946119
25.	0.4125	0.005620903733853602
25.	-0.44999999999999996	0.006533232646552168
25.	0.45000000000000007	0.005619080113275446
25.	-0.4875	0.006976862366639685
25.	0.48749999999999993	0.005617448518888262
25.	-0.525	0.007763021421395845
25.	0.525	0.005615983093336813
25.	-0.5625	0.009307991454745763
25.	0.5624999999999999	0.005614662142762771
25.	-0.6	0.012898072658319064
25.	0.6	0.005613467366105085
27.5	0.	0.005799936012285742
27.5	-0.03749999999999998	0.005816354720974777
27.5	0.03749999999999998	0.0057864306372278716
27.5	-0.07499999999999996	0.005836549580393445
27.5	0.07499999999999996	0.0057752041811488285
27.5	-0.11249999999999999	0.005861714733072133
27.5	0.11250000000000004	0.005765782766438905
27.5	-0.15000000000000002	0.005893535449469596
27.5	0.15000000000000002	0.005757807346466001
27.5	-0.1875	0.005934442844221987
27.5	0.1875	0.00575100232837525
27.5	-0.22499999999999998	0.005988032041183621
27.5	0.22499999999999998	0.005745153654480069
27.5	-0.2625	0.006059772007220187
27.5	0.26249999999999996	0.005740093245771132
27.5	-0.3	0.006158257423607381
27.5	0.29999999999999993	0.005735687798937335
27.5	-0.33749999999999997	0.006297516271467484
27.5	0.3375	0.00573183060979876
27.5	-0.375	0.006501490453262436
27.5	0.375	0.005728435531384813
27.5	-0.4125	0.006813299509232277
27.5	0.4125	0.005725432458005364
27.5	-0.44999999999999996	0.007315968937832719
27.5	0.45000000000000007	0.005722763913865986
27.5	-0.4875	0.00818401888051684
27.5	0.48749999999999993	0.005720382450467157
27.5	-0.525	0.009833775246596217
27.5	0.525	0.005718248642639343
27.5	-0.5625	0.013492790682411483
27.5	0.5624999999999999	0.0057163295321446175
27.5	-0.6	0.024821535112994866
27.5	0.6	0.005714597409069775
30.	0.	0.00595620291325699
30.	-0.03749999999999998	0.005981058578552566
30.	0.03749999999999998	0.005935904343024364
30.	-0.07499999999999996	0.006011879122306824
30.	0.07499999999999996	0.005919139423668951
30.	-0.11249999999999999	0.006050637819532036
30.	0.11250000000000004	0.005905151435337406
30.	-0.15000000000000002	0.006100159594751124
30.	0.15000000000000002	0.005893372267883215
30.	-0.1875	0.006164586053553252
30.	0.1875	0.005883369467785623
30.	-0.22499999999999998	0.006250155812505198
30.	0.22499999999999998	0.005874809669472481
30.	-0.2625	0.006366562687822495
30.	0.26249999999999996	0.0058674329110882835
30.	-0.3	0.006529421810380028
30.	0.29999999999999993	0.005861034314110664
30.	-0.33749999999999997	0.006764976382715996
30.	0.3375	0.005855450828909045
30.	-0.375	0.007119641258769874
30.	0.375	0.005850551519359573
30.	-0.4125	0.007680899048580223
30.	0.4125	0.0058462303551133805
30.	-0.44999999999999996	0.008628077728920013
30.	0.45000000000000007	0.005842400804147984
30.	-0.4875	0.010376280279930664
30.	0.48749999999999993	0.005838991733577378
30.	-0.525	0.01410076805152285
30.	0.525	0.005835944271989196
30.	-0.5625	0.0248072429728955
30.	0.5624999999999999	0.00583320938596208
30.	-0.6	0.1501669542854159
30.	0.6	0.005830745992305488
32.5	0.	0.006145496006969521
32.5	-0.03749999999999998	0.006182607072630854
32.5	0.03749999999999998	0.006115422742467122
32.5	-0.07499999999999996	0.006229028741308288
32.5	0.07499999999999996	0.006090755209571389
32.5	-0.11249999999999999	0.006287991176528624
32.5	0.11250000000000004	0.00607029991173938
32.5	-0.15000000000000002	0.0063641915552487644
32.5	0.15000000000000002	0.006053169664423438
32.5	-0.1875	0.006464640106961982
32.5	0.1875	0.006038695145764994
32.5	-0.22499999999999998	0.006600114869901145
32.5	0.22499999999999998	0.006026364562036945
32.5	-0.2625	0.00678776715560281
32.5	0.26249999999999996	0.006015781743474106
32.5	-0.3	0.007056018318375088
32.5	0.29999999999999993	0.006006636558624628
32.5	-0.33749999999999997	0.007454320589934304
32.5	0.3375	0.005998683709420776
32.5	-0.375	0.008074134057181364
32.5	0.375	0.005991727321426971
32.5	-0.4125	0.009098873226004882
32.5	0.4125	0.005985609601840665
32.5	-0.44999999999999996	0.010942140776875126
32.5	0.45000000000000007	0.005980202392476667
32.5	-0.4875	0.014734150244970927
32.5	0.48749999999999993	0.005975400809643958
32.5	-0.525	0.02497310923355787
32.5	0.525	0.005971118406384829
32.5	-0.5625	0.10520712814493248
32.5	0.5624999999999999	0.005967283457630421
32.5	-0.6	0.19073050055638527
32.5	0.6	0.00596383608223564
35.	0.	0.006376142985722291
35.	-0.03749999999999998	0.0064309952318368875
35.	0.03749999999999998	0.00633206547941122
35.	-0.07499999999999996	0.006500269037448202
35.	0.07499999999999996	0.0062961789750573495
35.	-0.11249999999999999	0.006589226676613479
35.	0.11250000000000004	0.006266616564402861
35.	-0.15000000000000002	0.006705653732290945
35.	0.15000000000000002	0.006242005313665442
35.	-0.1875	0.006861402863585235
35.	0.1875	0.006221319403235453
35.	-0.22499999999999998	0.007075124682415666
35.	0.22499999999999998	0.006203781269344674
35.	-0.2625	0.007377330658328616
35.	0.26249999999999996	0.0061887937658618815
35.	-0.3	0.007820336271105057
35.	0.29999999999999993	0.006175892791109735
35.	-0.33749999999999997	0.008499290724712182
35.	0.3375	0.006164713673040678
35.	-0.375	0.009601382286367779
35.	0.375	0.006154966964903387
35.	-0.4125	0.011539196934551596
35.	0.4125	0.006146420780318284
35.	-0.44999999999999996	0.01540559376034562
35.	0.45000000000000007	0.006138887739487714
35.	-0.4875	0.025303551446869146
35.	0.48749999999999993	0.006132215211050205
35.	-0.525	0.08464253052612299
35.	0.525	0.006126277939059585
35.	-0.5625	0.20191878854655038
35.	0.5624999999999999	0.006120972416333728
35.	-0.6	0.011331307901729327
35.	0.6	0.006116212550429776
37.5	0.	0.006659349691748191
37.5	-0.03749999999999998	0.006739880552070352
37.5	0.03749999999999998	0.006595232144237289
37.5	-0.07499999999999996	0.006842664372355849
37.5	0.07499999999999996	0.006543451440052737
37.5	-0.11249999999999999	0.006976270993383529
37.5	0.11250000000000004	0.006501100505391357
37.5	-0.15000000000000002	0.007153628304013498
37.5	0.15000000000000002	0.006466066353561947
37.5	-0.1875	0.007394870194124438
37.5	0.1875	0.006436786708070447
37.5	-0.22499999999999998	0.007732553543214612
37.5	0.22499999999999998	0.00641208852207005
37.5	-0.2625	0.008221773091771084
37.5	0.26249999999999996	0.0063910786022254
37.5	-0.3	0.008961263086902734
37.5	0.29999999999999993	0.006373068126490922
37.5	-0.33749999999999997	0.010142032847833894
37.5	0.3375	0.006357519658164228
37.5	-0.375	0.012176761827580517
37.5	0.375	0.00634400936788517
37.5	-0.4125	0.016128994994283295
37.5	0.4125	0.006332199710816173
37.5	-0.44999999999999996	0.025795329107663436
37.5	0.45000000000000007	0.00632181940354521
37.5	-0.4875	0.07395989395821698
37.5	0.48749999999999993	0.006312648570801402
37.5	-0.525	0.21147825686601532
37.5	0.525	0.006304507602195256
37.5	-0.5625	0.02248958154649026
37.5	0.5624999999999999	0.006297248704206509
37.5	-0.6	0.00027770494837130985
37.5	0.6	0.006290749432665356
40.	0.	0.0070104213997068884
40.	-0.03749999999999998	0.007128234122191658
40.	0.03749999999999998	0.006917574136919998
40.	-0.07499999999999996	0.007280383914484112
40.	0.07499999999999996	0.006843257849275905
40.	-0.11249999999999999	0.007480889509427775
40.	0.11250000000000004	0.00678295011868382
40.	-0.15000000000000002	0.007751379294322258
40.	0.15000000000000002	0.006733405907185829
40.	-0.1875	0.008126461753355328
40.	0.1875	0.00669225332495437
40.	-0.22499999999999998	0.008664023384692642
40.	0.22499999999999998	0.006657729665252885
40.	-0.2625	0.00946646173394877
40.	0.26249999999999996	0.006628505144857837
40.	-0.3	0.010728990121640667
40.	0.29999999999999993	0.006603562819234577
40.	-0.33749999999999997	0.01286605999668627
40.	0.3375	0.006582115264966467
40.	-0.375	0.01692034973463008
40.	0.375	0.006563545804282087
40.	-0.4125	0.026455245280128162
40.	0.4125	0.006547366407556558
40.	-0.44999999999999996	0.06791069438417525
40.	0.45000000000000007	0.006533187117229552
40.	-0.4875	0.22542153288397088
40.	0.48749999999999993	0.0065206935520673494
40.	-0.525	0.038301120623484355
40.	0.525	0.006509630158047077
40.	-0.5625	0.00040153667873758065
40.	0.5624999999999999	0.006499787599305814
40.	-0.6	0.00031177070254800366
40.	0.6	0.006490993167754123
42.5	0.	0.007450637079436489
42.5	-0.03749999999999998	0.007622932371017347
42.5	0.03749999999999998	0.00731639784910638
42.5	-0.07499999999999996	0.007848429071096735
42.5	0.07499999999999996	0.007210011418883428
42.5	-0.11249999999999999	0.008150295366088044
42.5	0.11250000000000004	0.007124423090965014
42.5	-0.15000000000000002	0.008565256919409996
42.5	0.15000000000000002	0.007054642919759969
42.5	-0.1875	0.009154110041339349
42.5	0.1875	0.006997069602208188
42.5	-0.22499999999999998	0.010023183061757911
42.5	0.22499999999999998	0.006949056866350838
42.5	-0.2625	0.011372613768595293
42.5	0.26249999999999996	0.0069086285032237986
42.5	-0.3	0.01362088215684394
42.5	0.29999999999999993	0.006874286956476679
42.5	-0.33749999999999997	0.017798852443383594
42.5	0.3375	0.006844882203532166
42.5	-0.375	0.027299780625896428
42.5	0.375	0.00681952032363212
42.5	-0.4125	0.06451197553448929
42.5	0.4125	0.00679749869701438
42.5	-0.44999999999999996	0.24586932201083406
42.5	0.45000000000000007	0.006778259390596444
42.5	-0.4875	0.056169245493234946
42.5	0.48749999999999993	0.006761355164570427
42.5	-0.525	0.0006092418765489007
42.5	0.525	0.006746424368114174
42.5	-0.5625	0.00012348913617955487
42.5	0.5624999999999999	0.00673317218203179
42.5	-0.6	0.0023689729877571495
42.5	0.6	0.006721356450951215
45.	0.	0.008010218730108985
45.	-0.03749999999999998	0.008262974836469544
45.	0.03749999999999998	0.007815838826525074
45.	-0.07499999999999996	0.008598902843732917
45.	0.07499999999999996	0.007663501115099701
45.	-0.11249999999999999	0.009056981684500991
45.	0.11250000000000004	0.007542123967830608
45.	-0.15000000000000002	0.009701155726509801
45.	0.15000000000000002	0.00744399593071061
45.	-0.1875	0.010642160580292994
45.	0.1875	0.007363630282581632
45.	-0.22499999999999998	0.012086148838891293
45.	0.22499999999999998	0.007297045710903283
45.	-0.2625	0.014458543740194204
45.	0.26249999999999996	0.007241302100156603
45.	-0.3	0.018788397494592563
45.	0.29999999999999993	0.007194193673563971
45.	-0.33749999999999997	0.0283562860981551
45.	0.3375	0.007154041760408728
45.	-0.375	0.0628955619618771
45.	0.375	0.007119552122212011
45.	-0.4125	0.2689985202816958
45.	0.4125	0.007089714996141808
45.	-0.44999999999999996	0.07274055853162549
45.	0.45000000000000007	0.0070637339426760535
45.	-0.4875	0.0009194660659220444
45.	0.48749999999999993	0.007040974453419684
45.	-0.525	0.00011856704021918969
45.	0.525	0.007020926330336454
45.	-0.5625	0.002266557152860973
45.	0.5624999999999999	0.007003175803133863
45.	-0.6	0.0014570859642460846
45.	0.6	0.0069873846258338744
47.5	0.	0.008733219394717807
47.5	-0.03749999999999998	0.009106657038843233
47.5	0.03749999999999998	0.008450347302999777
47.5	-0.07499999999999996	0.009612115070799905
47.5	0.07499999999999996	0.008231476228120947
47.5	-0.11249999999999999	0.010317068129528829
47.5	0.11250000000000004	0.008058987203803939
47.5	-0.15000000000000002	0.011337382846390767
47.5	0.15000000000000002	0.007920850956514978
47.5	-0.1875	0.012886758306442916
47.5	0.1875	0.007808647399787972
47.5	-0.22499999999999998	0.015401300213547896
47.5	0.22499999999999998	0.007716353053584164
47.5	-0.2625	0.01991974005217228
47.5	0.26249999999999996	0.007639575122717473
47.5	-0.3	0.029665879760641493
47.5	0.29999999999999993	0.007575054478228257
47.5	-0.33749999999999997	0.06266869713256495
47.5	0.3375	0.007520335395444739
47.5	-0.375	0.29867449457994566
47.5	0.375	0.007473541419570951
47.5	-0.4125	0.08552947015682424
47.5	0.4125	0.007433220343643796
47.5	-0.44999999999999996	0.001323984763470406
47.5	0.45000000000000007	0.007398235130990071
47.5	-0.4875	0.00016965147155295098
47.5	0.48749999999999993	0.00736768595520042
47.5	-0.525	0.0019032959160394877
47.5	0.525	0.007340853676259903
47.5	-0.5625	0.0015605351417714284
47.5	0.5624999999999999	0.007317158314895808
47.5	-0.6	0.006241614472208903
47.5	0.6	0.007296128171889685
50.	0.	0.0096859512880539
50.	-0.03749999999999998	0.010244443263751618
50.	0.03749999999999998	0.009270508717197862
50.	-0.07499999999999996	0.011017553987773725
50.	0.07499999999999996	0.008953851453996704
50.	-0.11249999999999999	0.012127317791027055
50.	0.11250000000000004	0.008707435068602913
50.	-0.15000000000000002	0.013797080363473163
50.	0.15000000000000002	0.008512213983589784
50.	-0.1875	0.01647848191326079
50.	0.1875	0.008355111575798433
50.	-0.22499999999999998	0.021233749606212677
50.	0.22499999999999998	0.008226926246687711
50.	-0.2625	0.03128871622116146
50.	0.26249999999999996	0.008121042878533725
50.	-0.3	0.06369453505434071
50.	0.29999999999999993	0.008032614890108024
50.	-0.33749999999999997	0.32418489779797793
50.	0.3375	0.007958030913740448
50.	-0.375	0.09309978660910724
50.	0.375	0.007894558781097091
50.	-0.4125	0.0017735920166656483
50.	0.4125	0.007840102854302273
50.	-0.44999999999999996	0.0002064250137636354
50.	0.45000000000000007	0.007793035487543265
50.	-0.4875	0.0014567594081005368
50.	0.48749999999999993	0.007752077972774794
50.	-0.525	0.001995671850622117
50.	0.525	0.0077162151325857985
50.	-0.5625	0.005360810247338366
50.	0.5624999999999999	0.007684633179000917
50.	-0.6	0.004396819444969231
50.	0.6	0.00765667390891974
52.5	0.	0.010972360705244068
52.5	-0.03749999999999998	0.011823649688799794
52.5	0.03749999999999998	0.010353252934256117
52.5	-0.07499999999999996	0.01303678035441457
52.5	0.07499999999999996	0.009889854157787465
52.5	-0.11249999999999999	0.014847626940159132
52.5	0.11250000000000004	0.009534609353792049
52.5	-0.15000000000000002	0.017729809065200185
52.5	0.15000000000000002	0.009256689111350164
52.5	-0.1875	0.022786521507918586
52.5	0.1875	0.009035417841077207
52.5	-0.22499999999999998	0.03331309823281811
52.5	0.22499999999999998	0.008856530039425516
52.5	-0.2625	0.06602058792530033
52.5	0.26249999999999996	0.008709940573535073
52.5	-0.3	0.335434045322682
52.5	0.29999999999999993	0.008588366977366738
52.5	-0.33749999999999997	0.09460816809988704
52.5	0.3375	0.008486451338599123
52.5	-0.375	0.0021758570232877496
52.5	0.375	0.008400185436586834
52.5	-0.4125	0.00023079481023434336
52.5	0.4125	0.008326525490145228
52.5	-0.44999999999999996	0.00104968174593507
52.5	0.45000000000000007	0.008263128560104171
52.5	-0.4875	0.0024910184650246514
52.5	0.48749999999999993	0.008208168805572735
52.5	-0.525	0.004167287182602093
52.5	0.525	0.008160207233565007
52.5	-0.5625	0.005644587327958253
52.5	0.5624999999999999	0.008118097946839988
52.5	-0.6	0.0011798745557684853
52.5	0.6	0.008080919712689344
55.	0.	0.012764092324861656
55.	-0.03749999999999998	0.01409985845263054
55.	0.03749999999999998	0.011820865204438107
55.	-0.07499999999999996	0.0160805879036832
55.	0.07499999999999996	0.01113082975741773
55.	-0.11249999999999999	0.01921072465855985
55.	0.11250000000000004	0.0106114586632141
55.	-0.15000000000000002	0.024657770417856086
55.	0.15000000000000002	0.010211215962332702
55.	-0.1875	0.03587143746778116
55.	0.1875	0.009896550084435681
55.	-0.22499999999999998	0.06988379597580391
55.	0.22499999999999998	0.009644865053320482
55.	-0.2625	0.3403556130948689
55.	0.26249999999999996	0.00944050580189006
55.	-0.3	0.08947008988562076
55.	0.29999999999999993	0.009272360251142836
55.	-0.33749999999999997	0.00241684943139874
55.	0.3375	0.009132373175070697
55.	-0.375	0.000247181964907587
55.	0.375	0.009014595985252769
55.	-0.4125	0.000730138252072738
55.	0.4125	0.008914562665789242
55.	-0.44999999999999996	0.002869301874756855
55.	0.45000000000000007	0.008828870199437113
55.	-0.4875	0.0030663037714472523
55.	0.48749999999999993	0.00875489057174651
55.	-0.525	0.0067633386726187565
55.	0.525	0.00869056939327118
55.	-0.5625	0.0016781645127291055
55.	0.5624999999999999	0.008634282715078701
55.	-0.6	0.0007742446826054139
55.	0.6	0.008584733663313715
57.5	0.	0.015364654432351403
57.5	-0.03749999999999998	0.017556091277094465
57.5	0.03749999999999998	0.013879112413563289
57.5	-0.07499999999999996	0.021001342073369095
57.5	0.07499999999999996	0.012824713894500588
57.5	-0.11249999999999999	0.02696530985994736
57.5	0.11250000000000004	0.012049454752481713
57.5	-0.15000000000000002	0.03916941204045564
57.5	0.15000000000000002	0.011463088081014476
57.5	-0.1875	0.07579042711562081
57.5	0.1875	0.011009099445112164
57.5	-0.22499999999999998	0.34610960054197826
57.5	0.22499999999999998	0.010650583897653611
57.5	-0.2625	0.07733943434082417
57.5	0.26249999999999996	0.010362607208883667
57.5	-0.3	0.0024058854627345447
57.5	0.29999999999999993	0.01012783740113925
57.5	-0.33749999999999997	0.00025695698849727223
57.5	0.3375	0.00993393138072223
57.5	-0.375	0.0005006419014690279
57.5	0.375	0.009771912198998513
57.5	-0.4125	0.003054428133312146
57.5	0.4125	0.009635129265204802
57.5	-0.44999999999999996	0.002309938428083031
57.5	0.45000000000000007	0.009518573866072352
57.5	-0.4875	0.0074753002319679265
57.5	0.48749999999999993	0.00941841785099016
57.5	-0.525	0.002384128099525906
57.5	0.525	0.00933169619342163
57.5	-0.5625	0.0007439643693578289
57.5	0.5624999999999999	0.009256084465972599
57.5	-0.6	0.00042852979135064157
57.5	0.6	0.009189740222168905
60.	0.	0.01936297867950037
60.	-0.03749999999999998	0.02322223251698802
60.	0.03749999999999998	0.016901292540963737
60.	-0.07499999999999996	0.02989151994951045
60.	0.07499999999999996	0.015226741135369022
60.	-0.11249999999999999	0.04354265432399217
60.	0.11250000000000004	0.014033604376942841
60.	-0.15000000000000002	0.08472999529162746
60.	0.15000000000000002	0.013152798248565585
60.	-0.1875	0.3531590079415458
60.	0.1875	0.012483885776304058
60.	-0.22499999999999998	0.05853927845697659
60.	0.22499999999999998	0.011963898186619748
60.	-0.2625	0.00212281124256532
60.	0.26249999999999996	0.01155164660125367
60.	-0.3	0.0002596075952430078
60.	0.29999999999999993	0.011219245121711657
60.	-0.33749999999999997	0.00034646505071417544
60.	0.3375	0.010947265122241204
60.	-0.375	0.0030586061706128946
60.	0.375	0.010721836034909053
60.	-0.4125	0.0019719027042029145
60.	0.4125	0.010532844038855748
60.	-0.44999999999999996	0.007629291350515355
60.	0.45000000000000007	0.010372776702358545
60.	-0.4875	0.003291633767663138
60.	0.48749999999999993	0.010235961430034135
60.	-0.525	0.000735496782605108
60.	0.525	0.010118051413634333
60.	-0.5625	0.000522562292029276
60.	0.5624999999999999	0.010015671301755506
60.	-0.6	0.0032059281388003313
60.	0.6	0.009926168360664251
62.5	0.	0.0260640389446268
62.5	-0.03749999999999998	0.03373526541744758
62.5	0.03749999999999998	0.02163839722545674
62.5	-0.07499999999999996	0.04957652778959163
62.5	0.07499999999999996	0.018816139343190857
62.5	-0.11249999999999999	0.09872492880768002
62.5	0.11250000000000004	0.01689380387664636
62.5	-0.15000000000000002	0.35031634530826566
62.5	0.15000000000000002	0.01552106797136621
62.5	-0.1875	0.03529332558586766
62.5	0.1875	0.014504870368690782
62.5	-0.22499999999999998	0.001636966499122462
62.5	0.22499999999999998	0.013730765940677465
62.5	-0.2625	0.00025466241631116334
62.5	0.26249999999999996	0.013127067315913937
62.5	-0.3	0.0002503240306114216
62.5	0.29999999999999993	0.012646883252353193
62.5	-0.33749999999999997	0.0029414081456354668
62.5	0.3375	0.012258446848345223
62.5	-0.375	0.001981939743143002
62.5	0.375	0.011939600702160625
62.5	-0.4125	0.007270907997036246
62.5	0.4125	0.011674502931808264
62.5	-0.44999999999999996	0.004358000269633722
62.5	0.45000000000000007	0.011451582613226525
62.5	-0.4875	0.000821761453769994
62.5	0.48749999999999993	0.0112622289272521
62.5	-0.525	0.0006814918090032863
62.5	0.525	0.011099927047490923
62.5	-0.5625	0.002730901536810852
62.5	0.5624999999999999	0.010959674598803907
62.5	-0.6	0.005037578541831801
62.5	0.6	0.010837579125091208
65.	0.	0.03902321337319799
65.	-0.03749999999999998	0.058388746949324645
65.	0.03749999999999998	0.02984742287869549
65.	-0.07499999999999996	0.12241612182918628
65.	0.07499999999999996	0.024605917491626463
65.	-0.11249999999999999	0.30528284019141205
65.	0.11250000000000004	0.021278666470037177
65.	-0.15000000000000002	0.013280022452230006
65.	0.15000000000000002	0.019016213052283123
65.	-0.1875	0.0010797235812526806
65.	0.1875	0.017400581079300224
65.	-0.22499999999999998	0.00024313245939778792
65.	0.22499999999999998	0.016203295894051624
65.	-0.2625	0.00019652803030568042
65.	0.26249999999999996	0.01528966790015893
65.	-0.3	0.0027691855677617404
65.	0.29999999999999993	0.014575637021253172
65.	-0.33749999999999997	0.00218922870897848
65.	0.3375	0.014006343507947303
65.	-0.375	0.006580125425154575
65.	0.375	0.013544667697007923
65.	-0.4125	0.005492870233232584
65.	0.4125	0.013164730212374279
65.	-0.44999999999999996	0.0010573095513272093
65.	0.45000000000000007	0.012848025554265433
65.	-0.4875	0.0007948665266041954
65.	0.48749999999999993	0.012581029576791927
65.	-0.525	0.002149627135486324
65.	0.525	0.012353668931301132
65.	-0.5625	0.005101437639924615
65.	0.5624999999999999	0.012158313649545272
65.	-0.6	0.003932738204723448
65.	0.6	0.011989097467956832
67.5	0.	0.07240442687550842
67.5	-0.03749999999999998	0.1682429089003282
67.5	0.03749999999999998	0.046778016859676155
67.5	-0.07499999999999996	0.20856436417200425
67.5	0.07499999999999996	0.03515685847613845
67.5	-0.11249999999999999	0.003361174415494883
67.5	0.11250000000000004	0.02865632999626427
67.5	-0.15000000000000002	0.0005847895655807627
67.5	0.15000000000000002	0.024576275734454117
67.5	-0.1875	0.00022786647512152905
67.5	0.1875	0.021819191210879847
67.5	-0.22499999999999998	0.00017073650176643604
67.5	0.22499999999999998	0.019856760699071545
67.5	-0.2625	0.0025937389374579463
67.5	0.26249999999999996	0.018404526706119112
67.5	-0.3	0.002462150189315155
67.5	0.29999999999999993	0.01729658746915321
67.5	-0.33749999999999997	0.005764019478026447
67.5	0.3375	0.016430197796946704
67.5	-0.375	0.006572478583520873
67.5	0.375	0.015738671957682776
67.5	-0.4125	0.0014424124525806495
67.5	0.4125	0.015177063336415013
67.5	-0.44999999999999996	0.000841080930046565
67.5	0.45000000000000007	0.014714118896172633
67.5	-0.4875	0.0015420623310072774
67.5	0.48749999999999993	0.014327529215331153
67.5	-0.525	0.005080865301658806
67.5	0.525	0.014001006785201456
67.5	-0.5625	0.004143326082613096
67.5	0.5624999999999999	0.013722425749777124
67.5	-0.6	0.0025214797455923245
67.5	0.6	0.01348260200427358
70.	0.	0.2576297371114016
70.	-0.03749999999999998	0.12034678385974483
70.	0.03749999999999998	0.09797726539389867
70.	-0.07499999999999996	0.007952050840254936
70.	0.07499999999999996	0.059276157804387594
70.	-0.11249999999999999	0.00024112645450062524
70.	0.11250000000000004	0.043180748075287496
70.	-0.15000000000000002	0.00021268939194659655
70.	0.15000000000000002	0.03453918413940873
70.	-0.1875	0.00016116345816658204
70.	0.1875	0.029237913928843208
70.	-0.22499999999999998	0.0024479862315722766
70.	0.22499999999999998	0.025704569714886574
70.	-0.2625	0.002723874393155701
70.	0.26249999999999996	0.02321105677957998
70.	-0.3	0.004983694963685814
70.	0.29999999999999993	0.021375644987153178
70.	-0.33749999999999997	0.00747933199308607
70.	0.3375	0.019979913176671537
70.	-0.375	0.0019518037213440444
70.	0.375	0.018890481573061953
70.	-0.4125	0.0008348730765513666
70.	0.4125	0.018021689101311248
70.	-0.44999999999999996	0.001001091487829213
70.	0.45000000000000007	0.017316257001430697
70.	-0.4875	0.004928218964384174
70.	0.48749999999999993	0.01673459611136293
70.	-0.525	0.0044203047733621425
70.	0.525	0.016248574478811586
70.	-0.5625	0.0026347461603605936
70.	0.5624999999999999	0.015837723569442377
70.	-0.6	0.0015254383366358672
70.	0.6	0.015486843208352094
72.5	0.	0.05266242901460566
72.5	-0.03749999999999998	0.009125085722136711
72.5	0.03749999999999998	0.2479665315628706
72.5	-0.07499999999999996	0.00012679747143175724
72.5	0.07499999999999996	0.1562983496683869
72.5	-0.11249999999999999	0.00020088131314050488
72.5	0.11250000000000004	0.08273836774966468
72.5	-0.15000000000000002	0.00016133674386442073
72.5	0.15000000000000002	0.056748653548725
72.5	-0.1875	0.0023497019889921304
72.5	0.1875	0.04389182450113723
72.5	-0.22499999999999998	0.0029396137259864504
72.5	0.22499999999999998	0.03635255475448784
72.5	-0.2625	0.004330640317666218
72.5	0.26249999999999996	0.03146433274293562
72.5	-0.3	0.008143517938701881
72.5	0.29999999999999993	0.02807608158732505
72.5	-0.33749999999999997	0.0025555079403955963
72.5	0.3375	0.025612172364786193
72.5	-0.375	0.0008066711259183771
72.5	0.375	0.023754160686544176
72.5	-0.4125	0.0006353411769586906
72.5	0.4125	0.022312386064558768
72.5	-0.44999999999999996	0.0046205395208319
72.5	0.45000000000000007	0.021167331610845844
72.5	-0.4875	0.004733007266983787
72.5	0.48749999999999993	0.02024024451913174
72.5	-0.525	0.0028161475393815687
72.5	0.525	0.019477315927796335
72.5	-0.5625	0.0015630259051483929
72.5	0.5624999999999999	0.018840655286388387
72.5	-0.6	0.0008671838772023028
72.5	0.6	0.018302892709701514
75.	0.	0.008962797360789254
75.	-0.03749999999999998	0.0001790206227700615
75.	0.03749999999999998	0.057162362208153315
75.	-0.07499999999999996	0.00019408281964788894
75.	0.07499999999999996	0.07500578803138915
75.	-0.11249999999999999	0.00017068535608763291
75.	0.11250000000000004	0.23654981889524399
75.	-0.15000000000000002	0.0023068176826126605
75.	0.15000000000000002	0.13967503933095238
75.	-0.1875	0.003099913593189487
75.	0.1875	0.08445641305843053
75.	-0.22499999999999998	0.0038365153138131287
75.	0.22499999999999998	0.06106075641031109
75.	-0.2625	0.008558785321157817
75.	0.26249999999999996	0.04855951401282255
75.	-0.3	0.0032181925392903116
75.	0.29999999999999993	0.040896954136221575
75.	-0.33749999999999997	0.0007948221549052364
75.	0.3375	0.03577638305118147
75.	-0.375	0.0005510541483455463
75.	0.375	0.03214511650312782
75.	-0.4125	0.004168923456807348
75.	0.4125	0.029455485301464607
75.	-0.44999999999999996	0.005046022728505968
75.	0.45000000000000007	0.027395701565275446
75.	-0.4875	0.0030541098213013964
75.	0.48749999999999993	0.025775907784400396
75.	-0.525	0.0016521382304762573
75.	0.525	0.024474292316309373
75.	-0.5625	0.0008625975607436345
75.	0.5624999999999999	0.02340936378814836
75.	-0.6	0.00047659234535286574
75.	0.6	0.02252470514400809