5.	0.	0.02834026807433502
5.	-0.03749999999999998	0.028341669518335052
5.	0.03749999999999998	0.028339016305136893
5.	-0.07499999999999996	0.028343245511759433
5.	0.07499999999999996	0.02833789361727983
5.	-0.11249999999999999	0.02834502632579374
5.	0.11250000000000004	0.028336882843216112
5.	-0.15000000000000002	0.02834704909838176
5.	0.15000000000000002	0.028335969579067102
5.	-0.1875	0.028349359794480927
5.	0.1875	0.028335141667139917
5.	-0.22499999999999998	0.02835201585265173
5.	0.22499999999999998	0.02833438878811909
5.	-0.2625	0.028355089807461764
5.	0.26249999999999996	0.028333702137138567
5.	-0.3	0.028358674322423682
5.	0.29999999999999993	0.028333074164568334
5.	-0.33749999999999997	0.028362889299288457
5.	0.3375	0.02833249836714797
5.	-0.375	0.028367892105987176
5.	0.375	0.02833196911858921
5.	-0.4125	0.02837389259490662
5.	0.4125	0.028331481531339846
5.	-0.44999999999999996	0.028381175666310758
5.	0.45000000000000007	0.02833103134312808
5.	-0.4875	0.028390136057554544
5.	0.48749999999999993	0.028330614823337097
5.	-0.525	0.02840133359174634
5.	0.525	0.028330228695336936
5.	-0.5625	0.028415583958109406
5.	0.5624999999999999	0.028329870071746133
5.	-0.6	0.028434113920124467
5.	0.6	0.028329536400216043
7.5	0.	0.027456565688957612
7.5	-0.03749999999999998	0.027459448997034123
7.5	0.03749999999999998	0.027453991507381068
7.5	-0.07499999999999996	0.027462693100821813
7.5	0.07499999999999996	0.02745168372564406
7.5	-0.11249999999999999	0.02746636096153825
7.5	0.11250000000000004	0.027449606762108687
7.5	-0.15000000000000002	0.027470529936857918
7.5	0.15000000000000002	0.027447730791014927
7.5	-0.1875	0.02747529593175564
7.5	0.1875	0.027446030658896094
7.5	-0.22499999999999998	0.027480779020478577
7.5	0.22499999999999998	0.027444485032000594
7.5	-0.2625	0.027487131169374138
7.5	0.26249999999999996	0.02744307572004413
7.5	-0.3	0.02749454701183614
7.5	0.29999999999999993	0.027441787135768694
7.5	-0.33749999999999997	0.02750327914238343
7.5	0.3375	0.02744060585998235
7.5	-0.375	0.027513660244668867
7.5	0.375	0.027439520289167997
7.5	-0.4125	0.02752613580073425
7.5	0.4125	0.02743852034820852
7.5	-0.44999999999999996	0.027541313625206204
7.5	0.45000000000000007	0.02743759725481498
7.5	-0.4875	0.02756004097336099
7.5	0.48749999999999993	0.02743674332528901
7.5	-0.525	0.027583528434713806
7.5	0.525	0.02743595181352133
7.5	-0.5625	0.027613556473866974
7.5	0.5624999999999999	0.027435216776882015
7.5	-0.6	0.027652835068079768
7.5	0.6	0.027434532963981132
10.	0.	0.02718052150482755
10.	-0.03749999999999998	0.02718552625670106
10.	0.03749999999999998	0.027176056253018516
10.	-0.07499999999999996	0.02719116141786482
10.	0.07499999999999996	0.027172055450537635
10.	-0.11249999999999999	0.027197537972122474
10.	0.11250000000000004	0.027168456689555885
10.	-0.15000000000000002	0.02720479256843966
10.	0.15000000000000002	0.027165207727050285
10.	-0.1875	0.02721309502578077
10.	0.1875	0.027162264556617136
10.	-0.22499999999999998	0.02722265854404888
10.	0.22499999999999998	0.02715958989475858
10.	-0.2625	0.027233753803859912
10.	0.26249999999999996	0.027157151982669027
10.	-0.3	0.02724672875701393
10.	0.29999999999999993	0.027154923630414593
10.	-0.33749999999999997	0.02726203691376553
10.	0.3375	0.027152881448947282
10.	-0.375	0.02728027860544431
10.	0.375	0.02715100522885538
10.	-0.4125	0.027302262570235693
10.	0.4125	0.027149277434614504
10.	-0.44999999999999996	0.02732910030086561
10.	0.45000000000000007	0.027147682790394898
10.	-0.4875	0.027362354980203195
10.	0.48749999999999993	0.0271462079389415
10.	-0.525	0.027404284928594536
10.	0.525	0.027144841159131326
10.	-0.5625	0.027458258249078975
10.	0.5624999999999999	0.027143572130936967
10.	-0.6	0.027529494835226626
10.	0.6	0.027142391738909196
12.5	0.	0.0270770522442579
12.5	-0.03749999999999998	0.02708484730244994
12.5	0.03749999999999998	0.027070103448425413
12.5	-0.07499999999999996	0.027093632738891503
12.5	0.07499999999999996	0.027063882198146108
12.5	-0.11249999999999999	0.027103584925968937
12.5	0.11250000000000004	0.027058289967053274
12.5	-0.15000000000000002	0.027114921627862006
12.5	0.15000000000000002	0.027053244419824728
12.5	-0.1875	0.027127914328506718
12.5	0.1875	0.027048676310478737
12.5	-0.22499999999999998	0.027142905105790354
12.5	0.22499999999999998	0.027044527054548094
12.5	-0.2625	0.027160330093430423
12.5	0.26249999999999996	0.027040746812379328
12.5	-0.3	0.027180752675689035
12.5	0.29999999999999993	0.027037292963838087
12.5	-0.33749999999999997	0.027204911376833597
12.5	0.3375	0.027034128885430643
12.5	-0.375	0.027233790485338073
12.5	0.375	0.02703122296304441
12.5	-0.4125	0.02726872684113515
12.5	0.4125	0.027028547789688967
12.5	-0.44999999999999996	0.027311576006188217
12.5	0.45000000000000007	0.027026079509568247
12.5	-0.4875	0.02736497962004093
12.5	0.48749999999999993	0.02702379727869218
12.5	-0.525	0.02743281283874422
12.5	0.525	0.027021682818900807
12.5	-0.5625	0.027520969438975994
12.5	0.5624999999999999	0.027019720047225
12.5	-0.6	0.02763882181940994
12.5	0.6	0.027017894766355237
15.	0.	0.027045264732601035
15.	-0.03749999999999998	0.027056565439254273
15.	0.03749999999999998	0.027035201711027638
15.	-0.07499999999999996	0.02706931739424219
15.	0.07499999999999996	0.027026200931119713
15.	-0.11249999999999999	0.0270837827713711
15.	0.11250000000000004	0.027018117141994216
15.	-0.15000000000000002	0.027100286412342876
15.	0.15000000000000002	0.02701082922630069
15.	-0.1875	0.02711923492335359
15.	0.1875	0.02700423552043343
15.	-0.22499999999999998	0.027141143013334274
15.	0.22499999999999998	0.026998250164935594
15.	-0.2625	0.027166670436503174
15.	0.26249999999999996	0.02699280023277264
15.	-0.3	0.02719667479362725
15.	0.29999999999999993	0.026987823450872105
15.	-0.33749999999999997	0.02723228861877732
15.	0.3375	0.026983266378369446
15.	-0.375	0.02727503467124207
15.	0.375	0.02697908293948507
15.	-0.4125	0.027327003217007
15.	0.4125	0.026975233234017515
15.	-0.44999999999999996	0.02739113356621058
15.	0.45000000000000007	0.02697168256680448
15.	-0.4875	0.027471678520548725
15.	0.48749999999999993	0.02696840065113033
15.	-0.525	0.02757500638648316
15.	0.525	0.02696536095124013
15.	-0.5625	0.02771106577276356
15.	0.5624999999999999	0.02696254013679507
15.	-0.6	0.02789625698779517
15.	0.6	0.026959917627951486
17.5	0.	0.027051702308957676
17.5	-0.03749999999999998	0.027067286029317086
17.5	0.03749999999999998	0.02703784352974401
17.5	-0.07499999999999996	0.02708489709180056
17.5	0.07499999999999996	0.027025462098244555
17.5	-0.11249999999999999	0.027104908139850406
17.5	0.11250000000000004	0.027014353638553663
17.5	-0.15000000000000002	0.027127782890341907
17.5	0.15000000000000002	0.02700434818325363
17.5	-0.1875	0.02715410466381058
17.5	0.1875	0.026995303403449678
17.5	-0.22499999999999998	0.027184616103845604
17.5	0.22499999999999998	0.02698709935265118
17.5	-0.2625	0.027220275494855953
17.5	0.26249999999999996	0.026979634347516847
17.5	-0.3	0.027262338278586217
17.5	0.29999999999999993	0.02697282171142401
17.5	-0.33749999999999997	0.027312477844839266
17.5	0.3375	0.026966587179303697
17.5	-0.375	0.027372969408541267
17.5	0.375	0.026960866813900884
17.5	-0.4125	0.02744697883434345
17.5	0.4125	0.026955605320913675
17.5	-0.44999999999999996	0.027539033394644617
17.5	0.45000000000000007	0.02695075467770965
17.5	-0.4875	0.02765582387259385
17.5	0.48749999999999993	0.026946273010374753
17.5	-0.525	0.027807647610608444
17.5	0.525	0.026942123668799597
17.5	-0.5625	0.028011188643556093
17.5	0.5624999999999999	0.026938274460722614
17.5	-0.6	0.028295373806405646
17.5	0.6	0.026934697014147493
20.	0.	0.02708287646559178
20.	-0.03749999999999998	0.0271036003733759
20.	0.03749999999999998	0.02706447529427035
20.	-0.07499999999999996	0.027127061937657803
20.	0.07499999999999996	0.027048058503920905
20.	-0.11249999999999999	0.02715377479953882
20.	0.11250000000000004	0.027033347791864223
20.	-0.15000000000000002	0.027184381482215213
20.	0.15000000000000002	0.02702011244221215
20.	-0.1875	0.027219695108724958
20.	0.1875	0.02700815980231393
20.	-0.22499999999999998	0.027260758144075317
20.	0.22499999999999998	0.026997327928030997
20.	-0.2625	0.027308926791046403
20.	0.26249999999999996	0.02698747984725485
20.	-0.3	0.02736599505127524
20.	0.29999999999999993	0.026978499044462305
20.	-0.33749999999999997	0.02743438195496746
20.	0.3375	0.026970285876184347
20.	-0.375	0.02751742289840335
20.	0.375	0.026962754703011613
20.	-0.4125	0.027619839622499007
20.	0.4125	0.02695583157805751
20.	-0.44999999999999996	0.027748531867625152
20.	0.45000000000000007	0.026949452371144857
20.	-0.4875	0.027913983334342685
20.	0.48749999999999993	0.026943561236818937
20.	-0.525	0.02813293017671526
20.	0.525	0.026938109355648155
20.	-0.5625	0.028433881934405898
20.	0.5624999999999999	0.026933053894209913
20.	-0.6	0.028869962028838195
20.	0.6	0.026928357141198702
22.5	0.	0.02713274050192768
22.5	-0.03749999999999998	0.027159563142457575
22.5	0.03749999999999998	0.02710896813831808
22.5	-0.07499999999999996	0.027189993016329593
22.5	0.07499999999999996	0.027087794033903902
22.5	-0.11249999999999999	0.02722472336179398
22.5	0.11250000000000004	0.027068847960568073
22.5	-0.15000000000000002	0.02726462680483791
22.5	0.15000000000000002	0.027051824140548245
22.5	-0.1875	0.027310815687908444
22.5	0.1875	0.027036468092592865
22.5	-0.22499999999999998	0.02736472818364864
22.5	0.22499999999999998	0.027022566537051814
22.5	-0.2625	0.027428254001187754
22.5	0.26249999999999996	0.027009939566112015
22.5	-0.3	0.027503922675539486
22.5	0.29999999999999993	0.026998434511609517
22.5	-0.33749999999999997	0.027595194165563556
22.5	0.3375	0.026987921099153055
22.5	-0.375	0.027706923447295397
22.5	0.375	0.026978287586869373
22.5	-0.4125	0.02784613531987458
22.5	0.4125	0.026969437664955923
22.5	-0.44999999999999996	0.02802338496129009
22.5	0.45000000000000007	0.026961287948246853
22.5	-0.4875	0.028255306457791184
22.5	0.48749999999999993	0.02695376593477018
22.5	-0.525	0.02856980203541807
22.5	0.525	0.026946808333267205
22.5	-0.5625	0.029017865172557358
22.5	0.5624999999999999	0.026940359684928625
22.5	-0.6	0.029705210164151955
22.5	0.6	0.02693437122130758
25.	0.	0.02719851981434959
25.	-0.03749999999999998	0.027232528003641163
25.	0.03749999999999998	0.027168444277226665
25.	-0.07499999999999996	0.027271205337355324
25.	0.07499999999999996	0.027141707022932858
25.	-0.11249999999999999	0.027315474453204015
25.	0.11250000000000004	0.02711782363305595
25.	-0.15000000000000002	0.027366505415545368
25.	0.15000000000000002	0.02709639576513673
25.	-0.1875	0.027425802688234944
25.	0.1875	0.027077093188725664
25.	-0.22499999999999998	0.027495331316476097
25.	0.22499999999999998	0.027059640099124347
25.	-0.2625	0.027577704678657458
25.	0.26249999999999996	0.027043804571019847
25.	-0.3	0.027676472171707777
25.	0.29999999999999993	0.027029390346796935
25.	-0.33749999999999997	0.027796575515709406
25.	0.3375	0.027016230381429782
25.	-0.375	0.027945103037740504
25.	0.375	0.027004181723392987
25.	-0.4125	0.02813260092689713
25.	0.4125	0.026993121421937452
25.	-0.44999999999999996	0.028375500613912256
25.	0.45000000000000007	0.02698294323015419
25.	-0.4875	0.02870099056481447
25.	0.48749999999999993	0.02697355493038596
25.	-0.525	0.029157909986706688
25.	0.525	0.026964876150224602
25.	-0.5625	0.0298451236064769
25.	0.5624999999999999	0.026956836568142104
25.	-0.6	0.031004919542620496
25.	0.6	0.026949374430729423
27.5	0.	0.02727909572496994
27.5	-0.03749999999999998	0.027321538842200146
27.5	0.03749999999999998	0.027241655421026103
27.5	-0.07499999999999996	0.027369949332616127
27.5	0.07499999999999996	0.027208444636503407
27.5	-0.11249999999999999	0.027425544781506748
27.5	0.11250000000000004	0.027178836764543288
27.5	-0.15000000000000002	0.02748988300471028
27.5	0.15000000000000002	0.027152319159305903
27.5	-0.1875	0.027564987877274683
27.5	0.1875	0.027128468746073043
27.5	-0.22499999999999998	0.02765353545801057
27.5	0.22499999999999998	0.027106933595529372
27.5	-0.2625	0.02775913735511442
27.5	0.26249999999999996	0.02708741883166077
27.5	-0.3	0.02788678700996651
27.5	0.29999999999999993	0.027069675732868066
27.5	-0.33749999999999997	0.028043591596500397
27.5	0.3375	0.027053493216148562
27.5	-0.375	0.028240032884400967
27.5	0.375	0.027038691120572396
27.5	-0.4125	0.028492276511479467
27.5	0.4125	0.027025114863880546
27.5	-0.44999999999999996	0.02882674611466343
27.5	0.45000000000000007	0.027012631157363645
27.5	-0.4875	0.029290176829297243
27.5	0.48749999999999993	0.02700112454382606
27.5	-0.525	0.029975166700281955
27.5	0.525	0.026990494581156273
27.5	-0.5625	0.031101000366489658
27.5	0.5624999999999999	0.02698065353629089
27.5	-0.6	0.03338598803271051
27.5	0.6	0.026971524485659575
30.	0.	0.027374315710473097
30.	-0.03749999999999998	0.027426650292775367
30.	0.03749999999999998	0.027328285560861372
30.	-0.07499999999999996	0.02748654593418647
30.	0.07499999999999996	0.02728756018467839
30.	-0.11249999999999999	0.027555603216309576
30.	0.11250000000000004	0.02725133500195923
30.	-0.15000000000000002	0.02763589157785187
30.	0.15000000000000002	0.027218955648155706
30.	-0.1875	0.02773013309361738
30.	0.1875	0.02718988490552163
30.	-0.22499999999999998	0.02784198066005777
30.	0.22499999999999998	0.027163677963319973
30.	-0.2625	0.027976453338785345
30.	0.26249999999999996	0.02713996365971949
30.	-0.3	0.028140645221848306
30.	0.29999999999999993	0.02711843008578107
30.	-0.33749999999999997	0.028344936601291008
30.	0.3375	0.027098813414740446
30.	-0.375	0.02860519065713912
30.	0.375	0.02708088914625352
30.	-0.4125	0.02894705223144294
30.	0.4125	0.02706446517977505
30.	-0.44999999999999996	0.029415247131753072
30.	0.45000000000000007	0.02704937628807309
30.	-0.4875	0.030096688273190945
30.	0.48749999999999993	0.027035479672982306
30.	-0.525	0.031190971381489487
30.	0.525	0.027022651365233772
30.	-0.5625	0.033313185799398744
30.	0.5624999999999999	0.027010783288150986
30.	-0.6	0.04023501412390706
30.	0.6	0.026999780847528118
32.5	0.	0.027484689131488722
32.5	-0.03749999999999998	0.027548638018546
32.5	0.03749999999999998	0.027428636355238588
32.5	-0.07499999999999996	0.0276221177773097
32.5	0.07499999999999996	0.027379191009940095
32.5	-0.11249999999999999	0.027707232843418205
32.5	0.11250000000000004	0.027335324039341722
32.5	-0.15000000000000002	0.02780673831629884
32.5	0.15000000000000002	0.027296204246835626
32.5	-0.1875	0.02792431249825565
32.5	0.1875	0.027261153348152708
32.5	-0.22499999999999998	0.02806498094771624
32.5	0.22499999999999998	0.02722961272033381
32.5	-0.2625	0.02823580248056485
32.5	0.26249999999999996	0.027201118439480025
32.5	-0.3	0.02844703248912789
32.5	0.29999999999999993	0.027175282291809984
32.5	-0.33749999999999997	0.028714213986807763
32.5	0.3375	0.02715177715488477
32.5	-0.375	0.02906222417194179
32.5	0.375	0.02713032562013968
32.5	-0.4125	0.029533900335110063
32.5	0.4125	0.027110691049578927
32.5	-0.44999999999999996	0.03021103038139921
32.5	0.45000000000000007	0.02709267048140511
32.5	-0.4875	0.031276324162866555
32.5	0.48749999999999993	0.027076088954809938
32.5	-0.525	0.03326379470503452
32.5	0.525	0.02706079493459695
32.5	-0.5625	0.03897391853129602
32.5	0.5624999999999999	0.02704665659578621
32.5	-0.6	0.07404659613974915
32.5	0.6	0.027033558786231048
35.	0.	0.02761126637779723
35.	-0.03749999999999998	0.02768889877217235
35.	0.03749999999999998	0.027543491676141094
35.	-0.07499999999999996	0.027778519975133063
35.	0.07499999999999996	0.02748391261856865
35.	-0.11249999999999999	0.027882908128649242
35.	0.11250000000000004	0.027431214173830643
35.	-0.15000000000000002	0.028005755114274944
35.	0.15000000000000002	0.027384342609632812
35.	-0.1875	0.028152079370216184
35.	0.1875	0.02734244402870715
35.	-0.22499999999999998	0.02832888975879863
35.	0.22499999999999998	0.02730481948362421
35.	-0.2625	0.028546303611062838
35.	0.26249999999999996	0.02727089166229507
35.	-0.3	0.028819539840040948
35.	0.29999999999999993	0.02724017979995771
35.	-0.33749999999999997	0.029172736342258938
35.	0.3375	0.02721228053788249
35.	-0.375	0.029646977368884067
35.	0.375	0.027186853145555016
35.	-0.4125	0.030319455435885663
35.	0.4125	0.02716360798827942
35.	-0.44999999999999996	0.03135837781645137
35.	0.45000000000000007	0.02714229743856488
35.	-0.4875	0.033233156256874404
35.	0.48749999999999993	0.027122708648535214
35.	-0.525	0.038120490829993914
35.	0.525	0.027104657754312145
35.	-0.5625	0.06327953022729729
35.	0.5624999999999999	0.027087985192805194
35.	-0.6	0.1036002001385164
35.	0.6	0.027072551890312112
37.5	0.	0.02775562146615064
37.5	-0.03749999999999998	0.027849463706323328
37.5	0.03749999999999998	0.027674079209359253
37.5	-0.07499999999999996	0.02795839961633083
37.5	0.07499999999999996	0.02760268557156118
37.5	-0.11249999999999999	0.02808612612621868
37.5	0.11250000000000004	0.027539756667610125
37.5	-0.15000000000000002	0.028237645336011193
37.5	0.15000000000000002	0.02748395570902803
37.5	-0.1875	0.028419907367348073
37.5	0.1875	0.027434208150974575
37.5	-0.22499999999999998	0.028642886180380966
37.5	0.22499999999999998	0.027389640644082735
37.5	-0.2625	0.028921482849173133
37.5	0.26249999999999996	0.027349536312133337
37.5	-0.3	0.029279136256954462
37.5	0.29999999999999993	0.02731330145951609
37.5	-0.33749999999999997	0.029755320831806157
37.5	0.3375	0.027280440428917346
37.5	-0.375	0.030423130071429688
37.5	0.375	0.02725053636700362
37.5	-0.4125	0.0314383090699234
37.5	0.4125	0.027223236336660895
37.5	-0.44999999999999996	0.03321821591294058
37.5	0.45000000000000007	0.027198239670241525
37.5	-0.4875	0.037514706115713635
37.5	0.48749999999999993	0.02717528876918657
37.5	-0.525	0.06768693349018141
37.5	0.525	0.027154161770982607
37.5	-0.5625	0.10827065583663113
37.5	0.5624999999999999	0.02713466665616179
37.5	-0.6	0.07654307148959921
37.5	0.6	0.02711663647639659
40.	0.	0.02791990906726564
40.	-0.03749999999999998	0.028033101631367244
40.	0.03749999999999998	0.027822096610233826
40.	-0.07499999999999996	0.028165370465468315
40.	0.07499999999999996	0.02773686045353674
40.	-0.11249999999999999	0.02832169568511762
40.	0.11250000000000004	0.02766203382227501
40.	-0.15000000000000002	0.028508964587640073
40.	0.15000000000000002	0.027595915213419506
40.	-0.1875	0.02873700859416799
40.	0.1875	0.027537149716064947
40.	-0.22499999999999998	0.02902042493776218
40.	0.22499999999999998	0.027484645085122435
40.	-0.2625	0.0293820022993706
40.	0.26249999999999996	0.02743751117618018
40.	-0.3	0.029859752222996847
40.	0.29999999999999993	0.027395015450403664
40.	-0.33749999999999997	0.030523133235345345
40.	0.3375	0.02735654976192551
40.	-0.375	0.03151718983431806
40.	0.375	0.027321605211787725
40.	-0.4125	0.03321698615529283
40.	0.4125	0.027289752863930854
40.	-0.44999999999999996	0.03707262618296159
40.	0.45000000000000007	0.027260628784234672
40.	-0.4875	0.06025572274446503
40.	0.48749999999999993	0.02723392231040784
40.	-0.525	0.11197109439806223
40.	0.525	0.027209366765918435
40.	-0.5625	0.08480377945219345
40.	0.5624999999999999	0.02718673204339425
40.	-0.6	0.05979630554339653
40.	0.6	0.027165818632645333
42.5	0.	0.028106993375995093
42.5	-0.03749999999999998	0.028243519502195107
42.5	0.03749999999999998	0.027989793818563938
42.5	-0.07499999999999996	0.028404327643889594
42.5	0.07499999999999996	0.027888228971807448
42.5	-0.11249999999999999	0.028596242040415793
42.5	0.11250000000000004	0.027799488574182882
42.5	-0.15000000000000002	0.028828957352529196
42.5	0.15000000000000002	0.02772139391276169
42.5	-0.1875	0.029116787056646443
42.5	0.1875	0.027652229018516033
42.5	-0.22499999999999998	0.029481924818683863
42.5	0.22499999999999998	0.02759062365445007
42.5	-0.2625	0.029961067914319413
42.5	0.26249999999999996	0.027535470324587988
42.5	-0.3	0.03062047476151106
42.5	0.29999999999999993	0.02748586421944284
42.5	-0.33749999999999997	0.03159602573277138
42.5	0.3375	0.027441058982492567
42.5	-0.375	0.033228234621693685
42.5	0.375	0.027400433612582174
42.5	-0.4125	0.036746213832426745
42.5	0.4125	0.02736346734714424
42.5	-0.44999999999999996	0.0536076060998963
42.5	0.45000000000000007	0.027329720358265027
42.5	-0.4875	0.11402282629829337
42.5	0.48749999999999993	0.027298818744757224
42.5	-0.525	0.09299419672082243
42.5	0.525	0.027270442741462314
42.5	-0.5625	0.06543021724096149
42.5	0.5624999999999999	0.027244317367085935
42.5	-0.6	0.05127449218073139
42.5	0.6	0.027220204940839494
45.	0.	0.02832066625739312
45.	-0.03749999999999998	0.02848569526354277
45.	0.03749999999999998	0.02818011890987869
45.	-0.07499999999999996	0.028681970132275213
45.	0.07499999999999996	0.028059122601912814
45.	-0.11249999999999999	0.028919058689184166
45.	0.11250000000000004	0.027953991360545077
45.	-0.15000000000000002	0.02921101578150155
45.	0.15000000000000002	0.02786191061196363
45.	-0.1875	0.02957950041799651
45.	0.1875	0.027780691986164337
45.	-0.22499999999999998	0.030060045263114087
45.	0.22499999999999998	0.02770860726200554
45.	-0.2625	0.030716118880524477
45.	0.26249999999999996	0.027644272929758563
45.	-0.3	0.031675794528650894
45.	0.29999999999999993	0.02758656809989899
45.	-0.33749999999999997	0.03325130299093658
45.	0.3375	0.02753457495342844
45.	-0.375	0.03650630697674627
45.	0.375	0.02748753477889922
45.	-0.4125	0.04954663337804396
45.	0.4125	0.027444815005475135
45.	-0.44999999999999996	0.10544429696952987
45.	0.45000000000000007	0.02740588413342927
45.	-0.4875	0.1006416831122556
45.	0.48749999999999993	0.027370292428421185
45.	-0.525	0.07092825967784692
45.	0.525	0.027337656883712393
45.	-0.5625	0.05545523616593531
45.	0.5624999999999999	0.0273076493844867
45.	-0.6	0.04713673968139673
45.	0.6	0.02727998730353578
47.5	0.	0.028565995952114585
47.5	-0.03749999999999998	0.02876641753432675
47.5	0.03749999999999998	0.02839695065940485
47.5	-0.07499999999999996	0.029007669985517653
47.5	0.07499999999999996	0.02825257159064728
47.5	-0.11249999999999999	0.029303579134188462
47.5	0.11250000000000004	0.0281279508807056
47.5	-0.15000000000000002	0.029675334397127193
47.5	0.15000000000000002	0.02801940828687512
47.5	-0.1875	0.030157454993175254
47.5	0.1875	0.027924125710454273
47.5	-0.22499999999999998	0.030811010961996198
47.5	0.22499999999999998	0.02783990634031026
47.5	-0.2625	0.03175748578773274
47.5	0.26249999999999996	0.027765011074510917
47.5	-0.3	0.03328600840629451
47.5	0.29999999999999993	0.027698044512983543
47.5	-0.33749999999999997	0.0363345713309369
47.5	0.3375	0.0276378736923205
47.5	-0.375	0.047027592602514115
47.5	0.375	0.02758356900617378
47.5	-0.4125	0.08424097598348486
47.5	0.4125	0.02753436049965708
47.5	-0.44999999999999996	0.1071996183246301
47.5	0.45000000000000007	0.02748960503168872
47.5	-0.4875	0.07618583948708729
47.5	0.48749999999999993	0.027448761257609387
47.5	-0.525	0.0595752358591295
47.5	0.525	0.027411370329519527
47.5	-0.5625	0.050712926103024206
47.5	0.5624999999999999	0.027377040837705084
47.5	-0.6	0.0436295390354873
47.5	0.6	0.027345436939223196
50.	0.	0.028849886425697694
50.	-0.03749999999999998	0.029095177848997553
50.	0.03749999999999998	0.028645463765873277
50.	-0.07499999999999996	0.029394968797340604
50.	0.07499999999999996	0.028472551491103965
50.	-0.11249999999999999	0.029770049051535446
50.	0.11250000000000004	0.028324485100518198
50.	-0.15000000000000002	0.030254078505701883
50.	0.15000000000000002	0.028196375344097465
50.	-0.1875	0.030906107861040272
50.	0.1875	0.028084545954442052
50.	-0.22499999999999998	0.031842144553832996
50.	0.22499999999999998	0.027986174846895705
50.	-0.2625	0.03333260343005359
50.	0.26249999999999996	0.027899057003384072
50.	-0.3	0.03621939608423174
50.	0.29999999999999993	0.027821443034446343
50.	-0.33749999999999997	0.04537981687625774
50.	0.3375	0.027751926410852685
50.	-0.375	0.07488516167085808
50.	0.375	0.027689362915558586
50.	-0.4125	0.1123757021895853
50.	0.4125	0.027632811972952625
50.	-0.44999999999999996	0.08109030940604385
50.	0.45000000000000007	0.02758149316732149
50.	-0.4875	0.06358014026499176
50.	0.48749999999999993	0.02753475351764555
50.	-0.525	0.05400230140227607
50.	0.525	0.027492042505209757
50.	-0.5625	0.047137295295038496
50.	0.5624999999999999	0.027452892778534854
50.	-0.6	0.043435912103780276
50.	0.6	0.02741690507573967
52.5	0.	0.029182001380512967
52.5	-0.03749999999999998	0.029485707558917454
52.5	0.03749999999999998	0.028932712843297164
52.5	-0.07499999999999996	0.02986429719452664
52.5	0.07499999999999996	0.028724367696197017
52.5	-0.11249999999999999	0.03035073039771439
52.5	0.11250000000000004	0.02854768320589031
52.5	-0.15000000000000002	0.031002413729107486
52.5	0.15000000000000002	0.028396029208375577
52.5	-0.1875	0.031930923284048125
52.5	0.1875	0.028264528912822343
52.5	-0.22499999999999998	0.0333917850865068
52.5	0.22499999999999998	0.0281495067244042
52.5	-0.2625	0.03615371185418254
52.5	0.26249999999999996	0.028048134911166152
52.5	-0.3	0.04427234278683418
52.5	0.29999999999999993	0.027958199541888867
52.5	-0.33749999999999997	0.062200478623945815
52.5	0.3375	0.027877940788983608
52.5	-0.375	0.11618565587611716
52.5	0.375	0.02780594116166842
52.5	-0.4125	0.08551972124515249
52.5	0.4125	0.02774104553207548
52.5	-0.44999999999999996	0.06739534160466308
52.5	0.45000000000000007	0.027682302786604517
52.5	-0.4875	0.05708772573672129
52.5	0.48749999999999993	0.027628922515879617
52.5	-0.525	0.05054214378897501
52.5	0.525	0.027580242370451823
52.5	-0.5625	0.04577021533113483
52.5	0.5624999999999999	0.027535703114939584
52.5	-0.6	0.04457670784919381
52.5	0.6	0.02749482932726213
55.	0.	0.029576362005494974
55.	-0.03749999999999998	0.029958781536603692
55.	0.03749999999999998	0.029268600269096383
55.	-0.07499999999999996	0.03044828784945096
55.	0.07499999999999996	0.029015271535808136
55.	-0.11249999999999999	0.031101024736641815
55.	0.11250000000000004	0.028803014195579266
55.	-0.15000000000000002	0.03202514848408162
55.	0.15000000000000002	0.02862259675622941
55.	-0.1875	0.033464754666706675
55.	0.1875	0.028467409346151887
55.	-0.22499999999999998	0.036133852239319315
55.	0.22499999999999998	0.028332579383588782
55.	-0.2625	0.04353424745089851
55.	0.26249999999999996	0.02821442706142567
55.	-0.3	0.05717156416260592
55.	0.29999999999999993	0.028110116125848645
55.	-0.33749999999999997	0.11877180414246069
55.	0.3375	0.028017422083403715
55.	-0.375	0.08934395442163201
55.	0.375	0.0279345737761952
55.	-0.4125	0.07093716424402403
55.	0.4125	0.02786014233004961
55.	-0.44999999999999996	0.060007029849693375
55.	0.45000000000000007	0.027792961576138597
55.	-0.4875	0.05368548857726153
55.	0.48749999999999993	0.0277320699114878
55.	-0.525	0.04816080964626646
55.	0.525	0.027676667088274872
55.	-0.5625	0.04759919833910586
55.	0.5624999999999999	0.027626081604105734
55.	-0.6	0.04107115513054951
55.	0.6	0.02757974575290566
57.5	0.	0.030054281870649766
57.5	-0.03749999999999998	0.03054773020712086
57.5	0.03749999999999998	0.02966756158405438
57.5	-0.07499999999999996	0.031203188469531188
57.5	0.07499999999999996	0.0293554883104243
57.5	-0.11249999999999999	0.032126412304284514
57.5	0.11250000000000004	0.02909798557544338
57.5	-0.15000000000000002	0.03355334191558609
57.5	0.15000000000000002	0.028881753965100797
57.5	-0.1875	0.03615907316199676
57.5	0.1875	0.02869758429750936
57.5	-0.22499999999999998	0.04307459180218988
57.5	0.22499999999999998	0.028538869749931244
57.5	-0.2625	0.059003241238758525
57.5	0.26249999999999996	0.028400731381985993
57.5	-0.3	0.1201951576979267
57.5	0.29999999999999993	0.02827947857274285
57.5	-0.33749999999999997	0.09243301439162464
57.5	0.3375	0.02817226237553664
57.5	-0.375	0.07411929543427592
57.5	0.375	0.028076845089930944
57.5	-0.4125	0.06275075702671606
57.5	0.4125	0.027991442559666468
57.5	-0.44999999999999996	0.05648837234907129
57.5	0.45000000000000007	0.0279146134930026
57.5	-0.4875	0.0506560635126513
57.5	0.48749999999999993	0.027845180061363585
57.5	-0.525	0.049943207350516265
57.5	0.525	0.027782169827225273
57.5	-0.5625	0.04508809214838716
57.5	0.5624999999999999	0.027724772539436768
57.5	-0.6	0.03720965214720017
57.5	0.6	0.027672307495921256
60.	0.	0.0306501946470192
60.	-0.03749999999999998	0.03131038772557856
60.	0.03749999999999998	0.03015169382833673
60.	-0.07499999999999996	0.032236706432196116
60.	0.07499999999999996	0.029760026532815162
60.	-0.11249999999999999	0.03366022492057755
60.	0.11250000000000004	0.02944325404947377
60.	-0.15000000000000002	0.03623160041167984
60.	0.15000000000000002	0.0291813418981425
60.	-0.1875	0.042848294017530104
60.	0.1875	0.028960993810451686
60.	-0.22499999999999998	0.06007846596585227
60.	0.22499999999999998	0.02877298831718203
60.	-0.2625	0.12024504936677785
60.	0.26249999999999996	0.02861070052932417
60.	-0.3	0.09467444668862944
60.	0.29999999999999993	0.02846923184932838
60.	-0.33749999999999997	0.07685797687394799
60.	0.3375	0.028344872261410144
60.	-0.375	0.06527896973212191
60.	0.375	0.028234754486332055
60.	-0.4125	0.05895174339912061
60.	0.4125	0.028136623860229942
60.	-0.44999999999999996	0.0532048728085861
60.	0.45000000000000007	0.02804868070440558
60.	-0.4875	0.05178519354696408
60.	0.48749999999999993	0.027969469606393467
60.	-0.525	0.048948181063833265
60.	0.525	0.027897799929474616
60.	-0.5625	0.04064230268493983
60.	0.5624999999999999	0.027832687632371428
60.	-0.6	0.03491512383958372
60.	0.6	0.02777331195282123
62.5	0.	0.03142446582410983
62.5	-0.03749999999999998	0.03235862937216569
62.5	0.03749999999999998	0.030757058318730823
62.5	-0.07499999999999996	0.03378930923405786
62.5	0.07499999999999996	0.030252085989788565
62.5	-0.11249999999999999	0.03635727018591144
62.5	0.11250000000000004	0.029854609339772985
62.5	-0.15000000000000002	0.042842548196912786
62.5	0.15000000000000002	0.02953259187425465
62.5	-0.1875	0.05943997209028862
62.5	0.1875	0.029265915220072016
62.5	-0.22499999999999998	0.11846297291260968
62.5	0.22499999999999998	0.029041215410017505
62.5	-0.2625	0.09599775010546387
62.5	0.26249999999999996	0.028849216603135115
62.5	-0.3	0.07907756877718462
62.5	0.29999999999999993	0.02868324976507214
62.5	-0.33749999999999997	0.06753719154552175
62.5	0.3375	0.028538379928375133
62.5	-0.375	0.06111012107261558
62.5	0.375	0.028410866679079414
62.5	-0.4125	0.0557023065377801
62.5	0.4125	0.02829781700116535
62.5	-0.44999999999999996	0.053370644133957375
62.5	0.45000000000000007	0.028196954196267932
62.5	-0.4875	0.05239258263583223
62.5	0.48749999999999993	0.028106459540546865
62.5	-0.525	0.04419989712510692
62.5	0.525	0.028024861026240497
62.5	-0.5625	0.03772350417947652
62.5	0.5624999999999999	0.02795095345543192
62.5	-0.6	0.03418751822932504
62.5	0.6	0.027883739933838542
65.	0.	0.03249572647423227
65.	-0.03749999999999998	0.033946396037617586
65.	0.03749999999999998	0.031547825218632176
65.	-0.07499999999999996	0.0365470824280943
65.	0.07499999999999996	0.030870066018688153
65.	-0.11249999999999999	0.04307495758317484
65.	0.11250000000000004	0.03035678771260527
65.	-0.15000000000000002	0.05726517331013301
65.	0.15000000000000002	0.029952358242861486
65.	-0.1875	0.11459446313582793
65.	0.1875	0.029624349692049336
65.	-0.22499999999999998	0.09640311767617922
65.	0.22499999999999998	0.02935240490493279
65.	-0.2625	0.08071871667349907
65.	0.26249999999999996	0.02912300450627581
65.	-0.3	0.06946798886552716
65.	0.29999999999999993	0.028926765809819288
65.	-0.33749999999999997	0.06299183982002042
65.	0.3375	0.02875694284433666
65.	-0.375	0.05803534671487407
65.	0.375	0.02860854304654964
65.	-0.4125	0.05487984747082782
65.	0.4125	0.028477781462767394
65.	-0.44999999999999996	0.055224085941639814
65.	0.45000000000000007	0.028361729690522856
65.	-0.4875	0.047814607825828685
65.	0.48749999999999993	0.028258082279331718
65.	-0.525	0.04063066371406893
65.	0.525	0.028164996704316013
65.	-0.5625	0.03649330989938301
65.	0.5624999999999999	0.0280809809471065
65.	-0.6	0.03515250399813127
65.	0.6	0.028004812766284602
67.5	0.	0.03414041924189344
67.5	-0.03749999999999998	0.03682048928126341
67.5	0.03749999999999998	0.03265308403837205
67.5	-0.07499999999999996	0.043601309168163564
67.5	0.07499999999999996	0.03168376236917587
67.5	-0.11249999999999999	0.05325049285468742
67.5	0.11250000000000004	0.03099154026947429
67.5	-0.15000000000000002	0.10917489276382322
67.5	0.15000000000000002	0.030467531237086183
67.5	-0.1875	0.09599342266355843
67.5	0.1875	0.03005461881764545
67.5	-0.22499999999999998	0.08175137625758692
67.5	0.22499999999999998	0.029719604668924413
67.5	-0.2625	0.07102058691165357
67.5	0.26249999999999996	0.029441693321139325
67.5	-0.3	0.06460546182895278
67.5	0.29999999999999993	0.029207097073258814
67.5	-0.33749999999999997	0.06011743474408372
67.5	0.3375	0.029006258781443084
67.5	-0.375	0.05638946066866639
67.5	0.375	0.028832313183849823
67.5	-0.4125	0.0573921440669781
67.5	0.4125	0.028680182596141274
67.5	-0.44999999999999996	0.05138696967813818
67.5	0.45000000000000007	0.028546019083675465
67.5	-0.4875	0.043608144479640024
67.5	0.48749999999999993	0.028426846182956253
67.5	-0.525	0.03886160320521827
67.5	0.525	0.02832032078960556
67.5	-0.5625	0.03706746910122751
67.5	0.5624999999999999	0.028224570208791742
67.5	-0.6	0.03735755786008961
67.5	0.6	0.028138077781363256
70.	0.	0.03721238927819339
70.	-0.03749999999999998	0.04452208180738962
70.	0.03749999999999998	0.034385897276670775
70.	-0.07499999999999996	0.04757524887213556
70.	0.07499999999999996	0.03283844589920605
70.	-0.11249999999999999	0.10387471940417971
70.	0.11250000000000004	0.031837073125662516
70.	-0.15000000000000002	0.0950100436724348
70.	0.15000000000000002	0.031124750270492597
70.	-0.1875	0.08219575628623994
70.	0.1875	0.030586695822606192
70.	-0.22499999999999998	0.07216151235400373
70.	0.22499999999999998	0.030163205607333262
70.	-0.2625	0.06594419729338533
70.	0.26249999999999996	0.029819789579550594
70.	-0.3	0.061901384024700246
70.	0.29999999999999993	0.029534942276613452
70.	-0.33749999999999997	0.0578958946335345
70.	0.3375	0.0292944550819215
70.	-0.375	0.05899085766221298
70.	0.375	0.02908850550603444
70.	-0.4125	0.05478487986399848
70.	0.4125	0.028910052245565136
70.	-0.44999999999999996	0.04662268591891525
70.	0.45000000000000007	0.028753895664547037
70.	-0.4875	0.04127992225292107
70.	0.48749999999999993	0.028616100164854264
70.	-0.525	0.038980681958167784
70.	0.525	0.028493624226767274
70.	-0.5625	0.039146747699156687
70.	0.5624999999999999	0.028384075116674883
70.	-0.6	0.03917304975122204
70.	0.6	0.028285541362095854
72.5	0.	0.04578166577472993
72.5	-0.03749999999999998	0.042318089720835575
72.5	0.03749999999999998	0.03778755182940205
72.5	-0.07499999999999996	0.1005977880795082
72.5	0.07499999999999996	0.03470818125368466
72.5	-0.11249999999999999	0.09386223161864064
72.5	0.11250000000000004	0.033064498049318276
72.5	-0.15000000000000002	0.08215398027496836
72.5	0.15000000000000002	0.03201524066291074
72.5	-0.1875	0.0728892790159465
72.5	0.1875	0.03127461174042377
72.5	-0.22499999999999998	0.06699822595553133
72.5	0.22499999999999998	0.03071775853450789
72.5	-0.2625	0.06337376491559349
72.5	0.26249999999999996	0.0302807122546075
72.5	-0.3	0.05935209661920537
72.5	0.29999999999999993	0.029926917163456884
72.5	-0.33749999999999997	0.060182524421794385
72.5	0.3375	0.029633761851530226
72.5	-0.375	0.05786402096304768
72.5	0.375	0.02938639763178037
72.5	-0.4125	0.049634008793784434
72.5	0.4125	0.029174607633771193
72.5	-0.44999999999999996	0.04372864959219034
72.5	0.45000000000000007	0.028991094651883882
72.5	-0.4875	0.04090411252160012
72.5	0.48749999999999993	0.028830485614948123
72.5	-0.525	0.04085592327638145
72.5	0.525	0.028688722920693063
72.5	-0.5625	0.04107250359391908
72.5	0.5624999999999999	0.028562676418588555
72.5	-0.6	0.03957852614464051
72.5	0.6	0.028449887159120824
75.	0.	0.03980816844635915
75.	-0.03749999999999998	0.10000485203292048
75.	0.03749999999999998	0.045876939762323994
75.	-0.07499999999999996	0.09310599343831304
75.	0.07499999999999996	0.038641326657260035
75.	-0.11249999999999999	0.08184692156025787
75.	0.11250000000000004	0.0351548069982754
75.	-0.15000000000000002	0.07325585721443606
75.	0.15000000000000002	0.033353959526092096
75.	-0.1875	0.06777032156443033
75.	0.1875	0.0322309968146425
75.	-0.22499999999999998	0.06454385329903235
75.	0.22499999999999998	0.031449142764700046
75.	-0.2625	0.06069852399520618
75.	0.26249999999999996	0.03086620292216136
75.	-0.3	0.061118538099831594
75.	0.29999999999999993	0.03041112032599694
75.	-0.33749999999999997	0.060507470375495045
75.	0.3375	0.030044010976715028
75.	-0.375	0.05259250240051952
75.	0.375	0.029740528690837997
75.	-0.4125	0.04618252895824007
75.	0.4125	0.029484844351164337
75.	-0.44999999999999996	0.0428409977138188
75.	0.45000000000000007	0.02926614992879929
75.	-0.4875	0.04248975801627209
75.	0.48749999999999993	0.02907677234813698
75.	-0.525	0.04293048227199065
75.	0.525	0.02891108869712899
75.	-0.5625	0.04149376254283008
75.	0.5624999999999999	0.028764868903105683
75.	-0.6	0.03907868145105937
75.	0.6	0.02863485981004552